26.469933
19.838345
22.777342
21.775241
20.618932
16.310055
20.332217
16.804071
28.781793
30.154591
29.855186
29.855186
29.855186
29.855186
29.855186
29.855186
29.855186
29.855186
29.855186
29.855186
29.855186
29.855186
29.855186
29.855186
29.855186
29.593002
29.593002
29.593002
29.593002
29.593002
29.593002
29.593002
29.593002
29.593002
29.593002
29.593002
29.593002
29.593002
29.593002
29.593002
29.547530
29.547530
29.547530
29.547530
29.547530
29.547530
29.547530
29.547530
29.547530
29.547530
29.547530
29.547530
29.547530
29.547530
29.547530
27.919471
27.919471
27.919471
27.919471
27.919471
27.919471
27.919471
27.919471
27.919471
27.919471
27.919471
27.919471
27.919471
27.919471
27.919471
30.186441
30.186441
30.186441
30.186441
30.186441
30.186441
30.186441
30.186441
30.186441
30.186441
30.186441
30.186441
30.186441
30.186441
30.186441
28.052196
28.052196
28.052196
28.052196
28.052196
28.052196
28.052196
28.052196
28.052196
28.052196
28.052196
28.052196
28.052196
28.052196
28.052196
28.538574
28.538574
28.538574
28.538574
28.538574
28.538574
28.538574
28.538574
28.538574
28.538574
28.538574
28.538574
28.538574
28.538574
28.538574
204.019807
204.019807
204.019807
204.019807
204.019807
204.019807
204.019807
204.019807
204.019807
204.019807
204.019807
204.019807
204.019807
204.019807
204.019807
28.029289
28.029289
28.029289
28.029289
28.029289
28.029289
28.029289
28.029289
28.029289
28.029289
28.029289
28.029289
28.029289
28.029289
28.029289
28.861042
28.861042
28.861042
28.861042
28.861042
28.861042
28.861042
28.861042
28.861042
28.861042
28.861042
28.861042
28.861042
28.861042
28.861042
32.035967
32.035967
32.035967
32.035967
32.035967
32.035967
32.035967
32.035967
32.035967
32.035967
32.035967
32.035967
32.035967
32.035967
32.035967
29.220164
29.220164
29.220164
29.220164
29.220164
29.220164
29.220164
29.220164
29.220164
29.220164
29.220164
29.220164
29.220164
29.220164
29.220164
33.915341
33.926347
33.937353
33.948360
33.959366
33.970372
33.981378
33.992384
34.003390
34.014396
34.025402
34.036408
34.047414
34.058420
34.069426
29.358293
29.369296
29.380300
29.391303
29.402307
29.413310
29.424314
29.435317
29.446321
29.457324
29.468328
29.479331
29.490335
29.501338
29.512342
31.689162
31.700166
31.711169
31.722173
31.733176
31.744180
31.755183
31.766187
31.777190
31.788194
31.799197
31.810201
31.821204
31.832208
31.843211
33.331643
33.331643
33.331643
33.331643
33.331643
33.331643
33.331643
33.331643
33.331643
33.331643
33.331643
33.331643
33.331643
33.331643
33.331643
33.331643
33.331643
33.331643
33.331643
33.331643
29.345969
29.356973
29.367976
29.378979
29.389982
29.400985
29.411989
29.422992
29.433995
29.444998
29.456002
29.467005
29.478008
29.489011
29.500014
7.616095
7.627099
7.638103
7.649108
7.660112
5.095254
5.106257
5.117260
5.128264
5.139267
5.150270
5.161273
5.172276
5.183280
5.194283
5.205286
5.216289
5.227293
5.238296
5.249299
5.260302
5.271305
5.282309
5.293312
5.304315
5.315318
5.326322
5.337325
5.348328
5.359331
5.370334
5.381338
5.392341
5.403344
5.414347
9.584643
9.584643
9.584643
9.584643
9.584643
9.584643
9.584643
9.584643
9.584643
9.584643
9.584643
9.584643
9.584643
9.584643
9.584643
9.584643
9.584643
9.584643
9.584643
9.584643
9.584643
9.584643
9.584643
9.584643
9.584643
9.584643
9.584643
9.584643
9.584643
9.584643
34.036289
102.108867
306.326600
918.979800
2756.939401
8270.818202
24812.454607
74437.363820
223312.091461
669936.274384
2009808.823151
6029426.469453
18088279.408359
54264838.225078
162794514.675235
488383544.025705
1465150632.077114
4395451896.231342
13186355688.694027
39559067066.082077
118677201198.246230
356031603594.738710
1068094810784.216100
3204284432352.648400
9612853297057.945300
28838559891173.836000
86515679673521.500000
259547039020564.500000
778641117061693.500000
2335923351185080.500000
11.556087
11.567090
11.578093
11.589096
11.600099
11.611103
11.622106
11.633109
11.644112
11.655115
11.666119
11.677122
11.688125
11.699128
11.710132
11.721135
11.732138
11.743141
11.754144
11.765148
11.776151
11.787154
11.798157
11.809161
11.820164
11.831167
11.842170
11.853173
11.864177
11.875180
10.872431
10.883435
10.894438
10.905442
10.916446
10.927450
10.938454
10.949457
10.960461
10.971465
10.982469
10.993473
11.004476
11.015480
11.026484
11.037488
11.048492
11.059495
11.070499
11.081503
11.092507
11.103510
11.114514
11.125518
11.136522
11.147526
11.158529
11.169533
11.180537
11.191541
7.691903
7.702908
7.713913
7.724917
7.735922
7.746927
7.757931
7.768936
7.779940
7.790945
7.801950
7.812954
7.823959
7.834964
7.845968
7.856973
7.867978
7.878982
7.889987
7.900992
7.911996
7.923001
7.934005
7.945010
7.956015
7.967019
7.978024
7.989029
8.000033
8.011038
19.875329
19.886332
19.897336
19.908339
19.919343
19.930346
19.941350
19.952353
19.963357
19.974360
19.985364
19.996367
20.007371
20.018374
20.029378
20.040381
20.051385
20.062388
20.073392
20.084395
20.095399
20.106402
20.117406
20.128409
20.139413
20.150416
20.161420
20.172423
20.183427
20.194430
8.208837
8.219840
8.230843
8.241846
8.252850
8.263853
8.274856
8.285859
8.296863
8.307866
8.318869
8.329872
8.340875
8.351879
8.362882
8.373885
8.384888
8.395892
8.406895
8.417898
8.428901
8.439904
8.450908
8.461911
8.472914
8.483917
8.494920
8.505924
8.516927
8.527930
10.258505
10.269508
10.280511
10.291515
10.302518
10.313522
10.324525
10.335529
10.346532
10.357536
10.368539
10.379543
10.390546
10.401550
10.412553
10.423557
10.434560
10.445564
10.456567
10.467571
10.478574
10.489578
10.500581
10.511585
10.522588
10.533592
10.544595
10.555599
10.566602
10.577606
11.619715
11.630719
11.641722
11.652725
11.663728
11.674731
11.685735
11.696738
11.707741
11.718744
11.729747
11.740751
11.751754
11.762757
11.773760
11.784763
11.795767
11.806770
11.817773
11.828776
11.839779
11.850783
11.861786
11.872789
11.883792
11.894795
11.905799
11.916802
11.927805
11.938808
9.092830
9.103833
9.114836
9.125839
9.136842
9.147845
9.158848
9.169851
9.180853
9.191856
9.202859
9.213862
9.224865
9.235868
9.246871
9.257874
9.268877
9.279880
9.290883
9.301886
9.312888
9.323891
9.334894
9.345897
9.356900
9.367903
9.378906
9.389909
9.400912
9.411915
8.946626
8.957629
8.968633
8.979636
8.990640
9.001643
9.012647
9.023650
9.034653
9.045657
9.056660
9.067664
9.078667
9.089671
9.100674
9.111678
9.122681
9.133685
9.144688
9.155692
9.166695
9.177699
9.188702
9.199706
9.210709
9.221713
9.232716
9.243720
9.254723
9.265727
55.565938
10.366832
10.377836
10.388840
10.399844
10.410848
10.421851
10.432855
10.443859
10.454863
10.465866
10.476870
10.487874
10.498878
10.509881
10.520885
10.531889
10.542893
10.553897
10.564900
10.575904
10.586908
10.597912
10.608915
10.619919
10.630923
10.641927
10.652930
10.663934
10.674938
10.685942
8.491493
8.502497
8.513501
8.524506
8.535510
8.546514
8.557519
8.568523
8.579527
8.590532
8.601536
8.612540
8.623545
8.634549
8.645553
8.656558
8.667562
8.678567
8.689571
8.700575
8.711580
8.722584
8.733588
8.744593
8.755597
8.766601
8.777606
8.788610
8.799614
8.810619
11.888105
11.899113
11.910121
11.921129
11.932137
11.943145
11.954153
11.965161
11.976170
11.987178
11.998186
12.009194
12.020202
12.031210
12.042218
12.053226
12.064234
12.075242
12.086250
12.097258
12.108266
12.119274
12.130282
12.141290
12.152298
12.163306
12.174314
12.185322
12.196330
12.207339
12.305400
12.316404
12.327408
12.338411
12.349415
12.360419
12.371423
12.382426
12.393430
12.404434
12.415438
12.426441
12.437445
12.448449
12.459453
12.470457
12.481460
12.492464
12.503468
12.514472
12.525475
12.536479
12.547483
12.558487
12.569490
12.580494
12.591498
12.602502
12.613506
12.624509
9.202486
9.213491
9.224496
9.235501
9.246506
9.257511
9.268516
9.279520
9.290525
9.301530
9.312535
9.323540
9.334545
9.345550
9.356555
9.367560
9.378565
9.389570
9.400574
9.411579
9.422584
9.433589
9.444594
9.455599
9.466604
9.477609
9.488614
9.499619
9.510624
9.521628
8.085477
8.096482
8.107486
8.118491
8.129496
8.140500
8.151505
8.162509
8.173514
8.184519
8.195523
8.206528
8.217533
8.228537
8.239542
8.250546
8.261551
8.272556
8.283560
8.294565
8.305570
8.316574
8.327579
8.338583
8.349588
8.360593
8.371597
8.382602
8.393607
8.404611
8.652618
8.663624
8.674630
8.685635
8.696641
8.707647
8.718653
8.729658
8.740664
8.751670
8.762676
8.773681
8.784687
8.795693
8.806699
8.817705
8.828710
8.839716
8.850722
8.861728
8.872733
8.883739
8.894745
8.905751
8.916756
8.927762
8.938768
8.949774
8.960779
8.971785
8.892989
8.903992
8.914996
8.925999
8.937003
8.948006
8.959010
8.970013
8.981017
8.992020
9.003024
9.014027
9.025031
9.036034
9.047038
9.058041
9.069045
9.080048
9.091052
9.102055
9.113059
9.124062
9.135066
9.146069
9.157073
9.168076
9.179080
9.190083
9.201087
9.212090
8.541704
8.552708
8.563712
8.574716
8.585720
8.596724
8.607728
8.618732
8.629736
8.640740
8.651744
8.662748
8.673752
8.684756
8.695760
8.706764
8.717769
8.728773
8.739777
8.750781
8.761785
8.772789
8.783793
8.794797
8.805801
8.816805
8.827809
8.838813
8.849817
8.860821
8.585521
8.596525
8.607529
8.618534
8.629538
8.640542
8.651547
8.662551
8.673555
8.684560
8.695564
8.706568
8.717573
8.728577
8.739581
8.750586
8.761590
8.772594
8.783599
8.794603
8.805607
8.816612
8.827616
8.838620
8.849625
8.860629
8.871633
8.882638
8.893642
8.904646
8.678363
8.693563
8.708762
8.723962
8.739162
8.754362
8.769562
8.784762
8.799962
8.815162
8.830362
8.845561
8.860761
8.875961
8.891161
8.906361
8.921561
8.936761
8.951961
8.967161
8.982360
8.997560
9.012760
9.027960
9.043160
9.058360
9.073560
9.088760
9.103960
9.119160
8.408616
8.419621
8.430627
8.441632
8.452638
8.463643
8.474649
8.485654
8.496660
8.507665
8.518671
8.529676
8.540682
8.551687
8.562692
8.573698
8.584703
8.595709
8.606714
8.617720
8.628725
8.639731
8.650736
8.661742
8.672747
8.683753
8.694758
8.705764
8.716769
8.727775
9.158562
9.169576
9.180590
9.191603
9.202617
9.213631
9.224645
9.235658
9.246672
9.257686
9.268700
9.279713
9.290727
9.301741
9.312755
9.323768
9.334782
9.345796
9.356810
9.367823
9.378837
9.389851
9.400865
9.411878
9.422892
9.433906
9.444920
9.455933
9.466947
9.477961
10.081284
10.092288
10.103291
10.114295
10.125298
10.136302
10.147305
10.158308
10.169312
10.180315
10.191319
10.202322
10.213326
10.224329
10.235333
10.246336
10.257340
10.268343
10.279347
10.290350
10.301354
10.312357
10.323361
10.334364
10.345368
10.356371
10.367375
10.378378
10.389382
10.400385
10.528328
10.539341
10.550355
10.561368
10.572382
10.583395
10.594409
10.605422
10.616436
10.627449
10.638462
10.649476
10.660489
10.671503
10.682516
10.693530
10.704543
10.715557
10.726570
10.737584
10.748597
10.759611
10.770624
10.781637
10.792651
10.803664
10.814678
10.825691
10.836705
10.847718
8.737964
8.748967
8.759971
8.770974
8.781977
8.792980
8.803983
8.814987
8.825990
8.836993
8.847996
8.858999
8.870003
8.881006
8.892009
8.903012
8.914015
8.925019
8.936022
8.947025
8.958028
8.969031
8.980035
8.991038
9.002041
9.013044
9.024047
9.035051
9.046054
9.057057
9.884098
9.895101
9.906104
9.917107
9.928110
9.939113
9.950116
9.961119
9.972122
9.983125
9.994127
10.005130
10.016133
10.027136
10.038139
10.049142
10.060145
10.071148
10.082151
10.093154
10.104157
10.115160
10.126162
10.137165
10.148168
10.159171
10.170174
10.181177
10.192180
10.203183
71.812986
8.519234
8.530238
8.541242
8.552246
8.563250
8.574254
8.585258
8.596262
8.607266
8.618270
8.629274
8.640279
8.651283
8.662287
8.673291
8.684295
8.695299
8.706303
8.717307
8.728311
8.739315
8.750319
8.761323
8.772327
8.783331
8.794335
8.805339
8.816343
8.827347
8.838352
21.506864
21.517868
21.528872
21.539876
21.550879
21.561883
51.115319
51.126323
51.137327
51.148331
51.159334
51.170338
51.181342
51.192346
51.203349
51.214353
51.225357
51.236361
51.247364
51.258368
51.269372
110.811913
31.996449
32.007453
32.018457
32.029461
32.040464
32.051468
32.062472
32.073476
32.084480
32.095483
32.106487
32.117491
32.128495
32.139498
32.150502
125.562007
34.596729
34.607735
34.618740
34.629746
34.640751
34.651757
34.662762
34.673768
34.684773
34.695779
34.706784
34.717790
34.728795
34.739801
34.750806
39.703755
39.714761
39.725766
39.736772
39.747778
39.758784
39.769790
39.780795
39.791801
39.802807
39.813813
39.824818
39.835824
39.846830
39.857836
31.487346
31.498350
31.509354
31.520358
31.531361
31.542365
31.553369
31.564373
31.575376
31.586380
31.597384
31.608388
31.619391
31.630395
31.641399
32.557862
32.568865
32.579868
32.590871
32.601875
32.612878
32.623881
32.634884
32.645887
32.656891
32.667894
32.678897
32.689900
32.700903
32.711907
99.276856
54.519497
54.530505
54.541513
54.552521
54.563529
54.574537
54.585545
54.596553
54.607561
54.618570
54.629578
54.640586
54.651594
54.662602
54.673610
29.689266
29.700270
29.711273
29.722277
29.733281
29.744285
29.755288
29.766292
29.777296
29.788300
29.799303
29.810307
29.821311
29.832315
29.843319
65.816300
7.989524
8.000528
8.011532
8.022536
8.033539
8.044543
8.055547
8.066551
8.077554
8.088558
8.099562
8.110566
8.121569
8.132573
8.143577
8.154581
8.165585
8.176588
8.187592
8.198596
8.209600
8.220603
8.231607
8.242611
8.253615
8.264618
8.275622
8.286626
8.297630
8.308634
68.637395